Setting up interface: rr-0-1
Setting up interface: r-0
Setting up interface: r-1
63636
1
Ignored non-IPv4 packet
Ignored non-IPv4 packet
18176
1
63636
1
17330
1
63636
1
17320
1
63636
1
15966
1
63636
1
14689
1
Ignored non-IPv4 packet
Ignored non-IPv4 packet
63124
1
41691
1
63636
1
Ignored non-IPv4 packet
Ignored non-IPv4 packet
47444
1
63636
1
26911
1
63380
1
12888
1
Ignored non-IPv4 packet
Ignored non-IPv4 packet
63124
1
9961
1
proto
echo

14485
1
45118
63627
1
7224
1
63627
1
7211
1
63627
1
7209
1
63627
1
7198
1
63627
1
7194
1
63627
1
7189
1
63627
1
7186
1
63627
1
7179
1
63627
1
7178
1
63627
1
7174
1
Ignored non-IPv4 packet
Ignored non-IPv4 packet
63115
1
32910
1
63115
1
32901
1
63115
1
32900
1
63115
1
32899
1
63115
1
32894
1
63115
1
32891
1
63115
1
32883
1
63115
1
32876
1
63115
1
32869
1
63115
1
32866
1
